original matrix
0.8401877172	0.3943829268	0.7830992238	0.7984400335	0.9116473579	0.1975513693	0.3352227557	0.7682295948	0.2777747108	0.5539699558	
0.4773970519	0.6288709248	0.3647844728	0.5134009102	0.9522297252	0.916195068	0.635711728	0.7172969294	0.1416025554	0.6069688763	
0.01630057162	0.2428867706	0.1372315768	0.8041767542	0.1566790893	0.4009443942	0.1297904468	0.108808802	0.998924518	0.2182569053	
0.5129323944	0.8391122347	0.6126398326	0.2960316177	0.6375522677	0.5242871901	0.493582987	0.9727750239	0.2925167844	0.7713576978	
0.5267449792	0.7699138363	0.4002286221	0.891529452	0.283314746	0.3524583473	0.80772452	0.919026474	0.06975527623	0.9493270754	
0.5259953502	0.08605584786	0.192213846	0.663226927	0.8902326025	0.3488929352	0.06417132079	0.02002304886	0.4577017373	0.06309583833	
0.2382799542	0.9706341317	0.9022080735	0.8509197868	0.2666657494	0.5397603407	0.3752069764	0.7602487364	0.5125353641	0.6677237608	
0.5316064342	0.03928034335	0.4376375966	0.9318350563	0.9308097954	0.7209523431	0.2842934031	0.7385343149	0.6399788166	0.3540486797	
0.6878613903	0.1659741663	0.4401045276	0.8800752363	0.8292010933	0.3303371297	0.228968171	0.8933724146	0.3503601786	0.6866699083	
0.9564682529	0.5886401332	0.6573040395	0.8586763259	0.4395599195	0.9239697889	0.3984366667	0.8147668963	0.6842185253	0.9109720308	
matrix Q: 
 
0.4504728406	-0.1597317586	0.3842750881	-0.2330271063	0.006009320963	-0.4381304596	0.1417607949	-0.4005003916	0.2980215028	0.3290639682	
0.25595995	0.2384298875	-0.3387515084	-0.02297081719	0.5778077145	0.321615875	0.1986073257	-0.1900330646	-0.2226568082	0.4471279841	
0.008739671686	0.1882069729	0.0128900492	0.6914022151	-0.02755195743	0.08203008254	-0.2608968618	0.03890009837	0.5517654373	0.3237051811	
0.2750124859	0.3890883347	-0.0948688077	-0.4194622735	0.2696746361	-0.04290270101	-0.1552550527	0.420247328	0.4779338461	-0.290399639	
0.2824182051	0.3249137041	-0.4534353042	0.2955824444	-0.2958161893	-0.4188463557	0.4382048194	-0.06278325409	-0.07585475404	-0.2388301778	
0.282016286	-0.2308075502	-0.1820574411	0.2082773975	0.3176317843	-0.1972349107	-0.6025012985	-0.326592547	-0.1702580694	-0.3901543617	
0.1277555546	0.6531101995	0.5867601474	0.1050534141	-0.05492335218	0.03658908123	-0.1602198472	-0.07983317973	-0.3972023016	-0.08736793107	
0.28502471	-0.2720566182	0.3382915258	0.310253659	0.2390897117	0.3759708893	0.4669320956	0.05828062954	0.1256006725	-0.4453446748	
0.3688019571	-0.2583775072	0.07747677472	0.1625257854	0.02400270844	-0.2321545372	-0.08079473505	0.705516061	-0.347058178	0.2925866695	
0.5128175073	-0.06824693704	-0.1579052363	-0.1634883725	-0.586058743	0.5339596182	-0.2074431353	-0.08507953295	-0.002222699217	0.04294417724	
matrix R: 
 
1.865124024	1.311496828	1.522445446	2.157574664	1.992779371	1.539228038	1.114549394	2.11826947	1.127311865	1.811475591	
0	1.229628825	0.6233710059	0.4142391893	-0.07776269876	0.5083123786	0.6434866394	0.7504415495	0.2316462882	0.7915078619	
0	0	0.5122659583	0.3373042925	0.1449404268	-0.06205859924	-0.2384618276	0.1774614436	0.3652796027	-0.08412561333	
0	0	0	1.016788306	0.2554502151	0.350073338	0.1417870896	0.06850228593	0.8134046167	0.1207209123	
0	0	0	0	0.8924520113	0.2766237359	0.099661862	0.09167078189	-0.008124267872	-0.1741680064	
0	0	0	0	0	0.709545731	-0.02370732224	0.00555644689	0.4171146244	0.01179526916	
0	0	0	0	0	0	0.3500484869	0.4444479193	-0.4372642866	0.2142442255	
0	0	0	0	0	0	0	0.4481313098	0.05512095268	0.289512656	
0	0	0	0	0	0	0	0	0.4126964419	-0.02481165977	
0	0	0	0	0	0	0	0	0	0.07300821345	
matrix B: 
 
-1.851517299	-3.255856119	-2.252573176	1.998430528	1.702056774	3.002062275	-0.2465495668	1.993813577	-1.782470945	0.9105505134	
-4.063159638	-3.55571631	-2.654696362	3.058031591	1.904932758	4.552930161	1.430664267	1.62281802	-0.8999769778	-0.4148163363	
4.623324546	3.353212471	2.133065481	-2.877263307	-2.271388935	-4.013596155	-0.06293978067	-1.94766589	-0.01095888435	0.335923287	
-1.754644817	-1.281028571	-1.264318861	-0.4091318002	1.205711838	1.778655554	1.172526583	0.9949544017	0.2795119382	-0.2665954248	
1.212157673	1.876984451	1.143313092	-0.4975688432	-1.105247848	-0.6922336143	-0.3515130805	-1.516116747	1.183795981	-0.6860452524	
-1.116026907	0.5578214455	-0.7999053548	-0.600258699	-0.3209284219	0.1219929106	0.6092587722	0.629700387	-0.1085067427	0.7233812831	
3.873857407	2.140272765	2.321198742	-1.171031732	0.2138695144	-2.939896644	-1.934370784	-0.1890536979	-2.238460074	-0.1869509007	
-3.927729055	-4.359586761	-2.974876397	3.39447105	2.02008943	2.813922321	0.7221987878	4.078548696	-0.9409237829	-0.5735511904	
0.9931102681	-0.1713159302	1.603541419	0.918937535	-0.3804747996	-0.7338349166	-1.034402123	-0.06239115508	-0.6000132322	0.02997789989	
4.507218471	6.124351808	4.433818687	-3.977629712	-3.27127821	-5.343979031	-1.196686331	-6.099925662	4.007585663	0.5882102193	
supposed to be eigenmatrix:
1	1.33226763e-15	0	0	2.220446049e-16	8.881784197e-16	-8.881784197e-16	0	-8.881784197e-16	-2.220446049e-16	
8.881784197e-16	1	1.776356839e-15	-4.440892099e-16	0	0	-9.992007222e-16	-4.440892099e-16	-8.881784197e-16	-5.551115123e-17	
-1.110223025e-16	2.220446049e-16	1	0	2.220446049e-16	4.440892099e-16	-1.110223025e-16	-6.661338148e-16	-2.220446049e-16	-2.775557562e-16	
1.33226763e-15	1.776356839e-15	1.33226763e-15	1	-4.440892099e-16	0	-2.220446049e-16	-8.881784197e-16	-4.440892099e-16	-1.110223025e-16	
8.881784197e-16	1.776356839e-15	8.881784197e-16	0	1	8.881784197e-16	-2.220446049e-16	0	-8.881784197e-16	-3.330669074e-16	
6.106226635e-16	4.440892099e-16	4.996003611e-16	1.110223025e-16	-1.110223025e-16	1	2.636779683e-16	-5.551115123e-17	-2.220446049e-16	-1.45716772e-16	
-4.440892099e-16	8.881784197e-16	8.881784197e-16	0	-4.440892099e-16	0	1	-8.881784197e-16	-4.440892099e-16	1.110223025e-16	
2.220446049e-16	4.440892099e-16	2.220446049e-16	-2.220446049e-16	2.220446049e-16	8.881784197e-16	1.665334537e-16	1	-2.220446049e-16	-8.326672685e-17	
-4.440892099e-16	8.881784197e-16	4.440892099e-16	8.881784197e-16	8.881784197e-16	1.33226763e-15	1.110223025e-16	8.881784197e-16	1	-3.330669074e-16	
0	8.881784197e-16	0	-4.440892099e-16	-8.881784197e-16	8.881784197e-16	-4.440892099e-16	-1.776356839e-15	-4.440892099e-16	1	
Success
